20200205
20220103
20220104
20220105
20220106
20220107
20220108
20220109
20220110
20220111
20220112
20220113
20220114
20220115
20220116
20220117
20220118
20220119
20220120
20220121
20220122
20220123
20220124
20220125
20220126
20220127
20220128
20220129
20220130
20220131
20220201
20220202
20220203
20220204
20220205
20220206
20220803
20220921
20221115
20230228
20230310
20230313
20230414
20230428
20230506
20230907
20230918
20231213
20240112
20240416
20240525
20240805
20240913
20241219
20250516
20250603
